2.1: [13, 32, 41]
2.2: [13, 32, 33]
2.3: [13, 34]
2.4: [13, 36]
2.5: [13, 36, 37]
2.6: [13, 37]
2.7: [13, 38]
2.8: [13, 39]
2.9: [13, 40]
2.10: [13, 41]
3.1: [13, 46, 62, 63, 64]
3.2: [13, 46, 47]
3.3: [13, 48, 49]
3.4: [13, 52]
3.5: [13, 52, 53]
3.6: [13, 58]
3.7: [13, 58, 59]
3.8: [13, 59]
3.9: [13, 60, 61]
3.10: [13, 62]
3.11: [13, 62, 63]
3.12: [13, 64]
4.1: [13, 14, 68, 84, 85]
4.2: [13, 69]
4.3: [13, 70, 71]
4.4: [13, 72, 73]
4.5: [13, 74, 75]
4.6: [13, 78]
4.7: [13, 79]
4.8: [13, 80, 81]
4.9: [14, 83]
4.10: [14, 84, 85]