FILE: tmp\pdfs\blind_review_copy.pdf
TOTAL_PAGES: 100
TOTAL_EFFECTIVE_ANNOTS: 43

PAGE 9 | COUNT 29
------------------------------------------------------------------------
[1] subtype=/Highlight | subj='高亮' | title='34719'
    contents='路侧感知技术能够以基础设施的全局视角实时获取交通运行状态，是实现交通组织优化、停车资源精细化管理以及智慧交通系统的核心支撑。随着城市交通路网复杂度的增加与精细化治理的推进，对低成本、高可靠且可长期在线运行的路侧车辆感知数据提出了更为迫切的需求。其中，车型结构信息以及停车和道路占用状态信息是交通运行评估、停车治理和道路空间管理的重要依据。'
    rect=[85.039, 616.142, 524.419, 687.198]
    quad=[109.039, 687.198, 524.419, 687.198, 109.039, 675.954, 524.419, 675.954, 85.039, 667.273, 524.407, 667.273, 85.039, 655.993, 524.407, 655.993, 85.039, 647.348, 524.419, 647.348, 85.039, 636.02, 524.419, 636.02, 85.039, 627.47, 161.299, 627.47, 85.039, 616.142, 161.299, 616.142]
[2] subtype=/StrikeOut | subj='替换文本' | title='34719'
    contents=None
    rect=[85.039, 596.217, 524.419, 627.47]
    quad=[167.611, 627.47, 524.419, 627.47, 167.611, 616.142, 524.419, 616.142, 85.039, 607.497, 375.607, 607.497, 85.039, 596.217, 375.607, 596.217]
[3] subtype=/Caret | subj='替换文本' | title='34719'
    contents='删除这句话'
    rect=[372.582, 591.547, 378.632, 600.622]
[4] subtype=/Highlight | subj='高亮' | title='34719'
    contents='相较于视频和雷达'
    rect=[85.039, 576.292, 524.419, 607.497]
    quad=[381.919, 607.497, 524.419, 607.497, 381.919, 596.217, 524.419, 596.217, 85.039, 587.572, 97.039, 587.572, 85.039, 576.292, 97.039, 576.292]
[5] subtype=/StrikeOut | subj='删除线' | title='34719'
    contents=None
    rect=[191.383, 576.292, 203.383, 587.572]
    quad=[191.383, 587.572, 203.383, 587.572, 191.383, 576.292, 203.383, 576.292]
[6] subtype=/StrikeOut | subj='替换文本' | title='34719'
    contents=None
    rect=[85.039, 556.366, 524.419, 587.572]
    quad=[287.383, 587.572, 524.419, 587.572, 287.383, 576.292, 524.419, 576.292, 85.039, 567.646, 157.039, 567.646, 85.039, 556.366, 157.039, 556.366]
[7] subtype=/Caret | subj='替换文本' | title='34719'
    contents='成本低、易部署、全天候等显著'
    rect=[154.014, 551.696, 160.064, 560.771]
[8] subtype=/StrikeOut | subj='删除线' | title='34719'
    contents=None
    rect=[500.419, 556.366, 512.419, 567.646]
    quad=[500.419, 567.646, 512.419, 567.646, 500.419, 556.366, 512.419, 556.366]
[9] subtype=/StrikeOut | subj='替换文本' | title='34719'
    contents=None
    rect=[85.039, 516.516, 524.419, 547.721]
    quad=[191.383, 547.721, 524.419, 547.721, 191.383, 536.477, 524.419, 536.477, 85.039, 527.796, 299.419, 527.796, 85.039, 516.516, 299.419, 516.516]
[10] subtype=/Caret | subj='替换文本' | title='34719'
    contents='且在实际路测中易受环境磁场慢变漂移、车辆速度剧烈变化、连续车流扰动及伪稳态现象的干扰，导致后续特征提取与状态识别极具挑战。'
    rect=[296.394, 511.846, 302.444, 520.921]
[11] subtype=/StrikeOut | subj='替换文本' | title='34719'
    contents=None
    rect=[310.039, 516.516, 334.039, 527.796]
    quad=[310.039, 527.796, 334.039, 527.796, 310.039, 516.516, 334.039, 516.516]
[12] subtype=/Caret | subj='替换文本' | title='34719'
    contents='针对'
    rect=[331.014, 511.846, 337.064, 520.921]
[13] subtype=/Caret | subj='插入文本' | title='34719'
    contents='研究'
    rect=[260.383, 491.921, 266.433, 500.996]
[14] subtype=/StrikeOut | subj='替换文本' | title='34719'
    contents=None
    rect=[85.039, 476.665, 524.42, 507.871]
    quad=[297.92, 507.871, 524.42, 507.871, 297.92, 496.591, 524.42, 496.591, 85.039, 487.945, 289.039, 487.945, 85.039, 476.665, 289.039, 476.665]
[15] subtype=/Caret | subj='替换文本' | title='34719'
    contents='提出了一套包含数据预处理、车型精细化分类以及停车和道路占用状态动态检测的路侧车辆多维感知框架。'
    rect=[286.014, 471.995, 292.064, 481.07]
[16] subtype=/StrikeOut | subj='替换文本' | title='34719'
    contents=None
    rect=[85.039, 337.224, 524.419, 468.068]
    quad=[109.039, 468.068, 524.419, 468.068, 109.039, 456.74, 524.419, 456.74, 85.039, 448.095, 524.419, 448.095, 85.039, 436.815, 524.419, 436.815, 85.039, 428.169, 524.409, 428.169, 85.039, 416.841, 524.409, 416.841, 85.039, 408.244, 524.407, 408.244, 85.039, 396.964, 524.407, 396.964, 85.039, 388.319, 524.419, 388.319, 85.039, 377.075, 524.419, 377.075, 85.039, 368.394, 524.419, 368.394, 85.039, 357.15, 524.419, 357.15, 85.039, 348.468, 209.299, 348.468, 85.039, 337.224, 209.299, 337.224]
[17] subtype=/Caret | subj='替换文本' | title='34719'
    contents='首先，针对车辆行驶速度变化与波形畸变导致的车型识别难题，提出了一种兼顾端侧轻量化与离线高精度的车型三分类（小型、中型、大型）方法。 本文首先构建了基于真实交通场景的车辆地磁事件片段数据集。在端侧轻量化部署层面，提取并融合了反映磁场扰动幅值、能量、时域面积及形态分布的多维统计特征，构建了基于 Softmax 的低开销分类基线模型；在离线特征增强层面，针对车速差异引起的波形时间伸缩与局部错位问题，引入动态时间规整算法对齐时序特征，并设计一维卷积神经网络进行深度特征提取与增强分类。实验表明，该双模态架构不仅满足了边缘设备的算力约束，且离线增强方法有效克服了相邻车辆类别的特征混淆，将分类准确率提升至96.10%。'
    rect=[206.274, 332.518, 212.324, 341.593]
[18] subtype=/StrikeOut | subj='替换文本' | title='34719'
    contents=None
    rect=[109.039, 317.299, 157.039, 328.543]
    quad=[109.039, 328.543, 157.039, 328.543, 109.039, 317.299, 157.039, 317.299]
[19] subtype=/Caret | subj='替换文本' | title='34719'
    contents='其次'
    rect=[154.014, 312.593, 160.064, 321.668]
[20] subtype=/StrikeOut | subj='删除线' | title='34719'
    contents=None
    rect=[178.531, 297.338, 202.531, 308.618]
    quad=[178.531, 308.618, 202.531, 308.618, 178.531, 297.338, 202.531, 297.338]
[21] subtype=/StrikeOut | subj='替换文本' | title='34719'
    contents=None
    rect=[85.039, 297.338, 524.419, 328.543]
    quad=[310.591, 328.543, 524.419, 328.543, 310.591, 317.299, 524.419, 317.299, 85.039, 308.618, 169.039, 308.618, 85.039, 297.338, 169.039, 297.338]
[22] subtype=/Caret | subj='替换文本' | title='34719'
    contents='识别问题'
    rect=[166.014, 292.668, 172.064, 301.743]
[23] subtype=/StrikeOut | subj='替换文本' | title='34719'
    contents=None
    rect=[85.039, 237.598, 524.419, 308.618]
    quad=[440.419, 308.618, 524.419, 308.618, 440.419, 297.338, 524.419, 297.338, 85.039, 288.693, 524.395, 288.693, 85.039, 277.449, 524.395, 277.449, 85.039, 268.767, 524.407, 268.767, 85.039, 257.487, 524.407, 257.487, 85.039, 248.842, 101.299, 248.842, 85.039, 237.598, 101.299, 237.598]
[24] subtype=/Caret | subj='替换文本' | title='34719'
    contents='针对环境慢漂移和连续车流造成的什么什么，设计了什么什么。在此基础上，融合相似性门控机制、外层有限状态机架构以及连续车流退化处理分支，实现了什么什么。这部分没读懂不知道怎么写，大概是这个思路。'
    rect=[98.274, 232.892, 104.324, 241.967]
[25] subtype=/StrikeOut | subj='替换文本' | title='34719'
    contents=None
    rect=[85.039, 217.673, 524.419, 248.842]
    quad=[190.039, 248.842, 524.419, 248.842, 190.039, 237.598, 524.419, 237.598, 85.039, 228.965, 317.299, 228.965, 85.039, 217.673, 317.299, 217.673]
[26] subtype=/Caret | subj='替换文本' | title='34719'
    contents='该方法不仅在常规工况下具备（具体数值）的检测精度，在面临连续密集车流和地磁慢漂移等极端困难工况时，依然表现出卓越的鲁棒性与抗干扰能力，其检测精度保持在多少以上。'
    rect=[314.274, 213.015, 320.324, 222.09]
[27] subtype=/StrikeOut | subj='替换文本' | title='34719'
    contents=None
    rect=[193.039, 137.936, 421.039, 149.216]
    quad=[193.039, 149.216, 421.039, 149.216, 193.039, 137.936, 421.039, 137.936]
[28] subtype=/Caret | subj='替换文本' | title='34719'
    contents='为智慧道路的精细化治理提供了可靠的理论依据与方法支撑'
    rect=[417.739, 131.816, 424.339, 141.716]
[29] subtype=/StrikeOut | subj='删除线' | title='34719'
    contents=None
    rect=[215.887, 98.085, 227.887, 109.365]
    quad=[215.887, 109.365, 227.887, 109.365, 215.887, 98.085, 227.887, 98.085]
------------------------------------------------------------------------

PAGE 26 | COUNT 1
------------------------------------------------------------------------
[1] subtype=/Highlight | subj='高亮' | title='34719'
    contents='这个地方内容太少了，三个部分的篇幅不能差太多了，就两篇文献也不好支撑下面的总体来看里面的结论。'
    rect=[70.866, 133.986, 510.246, 344.483]
    quad=[94.866, 344.483, 510.234, 344.483, 94.866, 333.239, 510.234, 333.239, 70.866, 324.558, 510.234, 324.558, 70.866, 313.278, 510.234, 313.278, 70.866, 304.633, 510.225, 304.633, 70.866, 292.021, 510.225, 292.021, 70.866, 284.707, 510.222, 284.707, 70.866, 273.427, 510.222, 273.427, 70.866, 264.782, 510.231, 264.782, 70.866, 253.538, 510.231, 253.538, 70.866, 244.857, 279.126, 244.857, 70.866, 233.613, 279.126, 233.613, 94.866, 224.932, 510.246, 224.932, 94.866, 213.652, 510.246, 213.652, 70.866, 205.006, 510.246, 205.006, 70.866, 193.726, 510.246, 193.726, 70.866, 185.081, 510.234, 185.081, 70.866, 173.801, 510.234, 173.801, 70.866, 165.108, 510.246, 165.108, 70.866, 153.876, 510.246, 153.876, 70.866, 145.23, 118.866, 145.23, 70.866, 133.986, 118.866, 133.986]
------------------------------------------------------------------------

PAGE 29 | COUNT 4
------------------------------------------------------------------------
[1] subtype=/Highlight | subj='高亮' | title='34719'
    contents='这里再添加两个文献比较好，一个文献有点少'
    rect=[85.039, 540.426, 524.409, 571.631]
    quad=[169.134, 571.631, 524.409, 571.631, 169.134, 560.351, 524.409, 560.351, 85.039, 551.658, 504.451, 551.658, 85.039, 540.426, 504.451, 540.426]
[2] subtype=/StrikeOut | subj='删除线' | title='34719'
    contents=None
    rect=[191.863, 520.501, 203.863, 531.781]
    quad=[191.863, 531.781, 203.863, 531.781, 191.863, 520.501, 203.863, 520.501]
[3] subtype=/Highlight | subj='高亮' | title='34719'
    contents=None
    rect=[85.039, 500.612, 524.419, 531.781]
    quad=[500.419, 531.781, 524.419, 531.781, 500.419, 520.501, 524.419, 520.501, 85.039, 511.904, 109.039, 511.904, 85.039, 500.612, 109.039, 500.612]
[4] subtype=/Highlight | subj='高亮' | title='34719'
    contents='这些内容的逻辑感觉有点问题，说一下现有的研究是怎么解决这三个困难的，之后再说现在研究的不足，之后论文提出什么来解决现有的研究不足'
    rect=[85.039, 341.173, 524.419, 551.658]
    quad=[512.407, 551.658, 524.407, 551.658, 512.407, 540.426, 524.407, 540.426, 85.039, 531.781, 524.419, 531.781, 85.039, 520.501, 524.419, 520.501, 85.039, 511.904, 524.419, 511.904, 85.039, 500.612, 524.419, 500.612, 85.039, 491.882, 524.419, 491.882, 85.039, 480.686, 524.419, 480.686, 85.039, 472.005, 524.419, 472.005, 85.039, 460.725, 524.419, 460.725, 85.039, 452.08, 524.419, 452.08, 85.039, 440.8, 524.419, 440.8, 85.039, 432.203, 524.419, 432.203, 85.039, 420.875, 524.419, 420.875, 85.039, 412.229, 524.419, 412.229, 85.039, 400.985, 524.419, 400.985, 85.039, 392.304, 524.419, 392.304, 85.039, 381.024, 524.419, 381.024, 85.039, 372.379, 524.419, 372.379, 85.039, 361.099, 524.419, 361.099, 85.039, 352.453, 341.299, 352.453, 85.039, 341.173, 341.299, 341.173]
------------------------------------------------------------------------

PAGE 30 | COUNT 2
------------------------------------------------------------------------
[1] subtype=/StrikeOut | subj='替换文本' | title='34719'
    contents=None
    rect=[70.866, 363.091, 510.234, 394.297]
    quad=[424.854, 394.297, 510.234, 394.297, 424.854, 383.017, 510.234, 383.017, 70.866, 374.371, 118.866, 374.371, 70.866, 363.091, 118.866, 363.091]
[2] subtype=/Caret | subj='替换文本' | title='34719'
    contents='完成车型分类的基础上'
    rect=[115.841, 358.421, 121.891, 367.496]
------------------------------------------------------------------------

PAGE 32 | COUNT 2
------------------------------------------------------------------------
[1] subtype=/Highlight | subj='高亮' | title='34719'
    contents='这个公式中的u0没有定义，后面的公式也有变量和符号没有定义的'
    rect=[210.158, 632.961, 370.935, 654.711]
    quad=[210.158, 654.711, 280.473, 654.711, 210.158, 637.963, 280.473, 637.963, 263.411, 650.301, 370.935, 650.301, 263.411, 632.961, 370.935, 632.961]
[2] subtype=/Highlight | subj='高亮' | title='34719'
    contents='符号定义'
    rect=[388.655, 678.163, 406.169, 691.183]
    quad=[388.655, 691.183, 406.169, 691.183, 388.655, 678.163, 406.169, 678.163]
------------------------------------------------------------------------

PAGE 33 | COUNT 1
------------------------------------------------------------------------
[1] subtype=/Highlight | subj='高亮' | title='34719'
    contents='fs没有定义'
    rect=[275.454, 113.644, 332.292, 140.626]
    quad=[275.454, 140.626, 332.292, 140.626, 275.454, 122.44, 332.292, 122.44, 316.98, 124.528, 326.685, 124.528, 316.98, 113.644, 326.685, 113.644]
------------------------------------------------------------------------

PAGE 34 | COUNT 1
------------------------------------------------------------------------
[1] subtype=/Highlight | subj='高亮' | title='34719'
    contents='没定义'
    rect=[376.861, 334.786, 388.768, 347.818]
    quad=[376.861, 347.818, 388.768, 347.818, 376.861, 334.786, 388.768, 334.786]
------------------------------------------------------------------------

PAGE 35 | COUNT 1
------------------------------------------------------------------------
[1] subtype=/Highlight | subj='高亮' | title='34719'
    contents='定义一下，代表均值是什么，方差是什么的高斯分布'
    rect=[287.852, 644.729, 349.242, 659.481]
    quad=[287.852, 659.481, 349.242, 659.481, 287.852, 644.729, 349.242, 644.729]
------------------------------------------------------------------------

PAGE 59 | COUNT 1
------------------------------------------------------------------------
[1] subtype=/Highlight | subj='高亮' | title='34719'
    contents='这两个定义一下比较好'
    rect=[160.912, 122.715, 248.232, 134.547]
    quad=[160.912, 134.547, 248.232, 134.547, 160.912, 122.715, 248.232, 122.715]
------------------------------------------------------------------------

PAGE 64 | COUNT 1
------------------------------------------------------------------------
[1] subtype=/Caret | subj='插入文本' | title='34719'
    contents='模型'
    rect=[82.89, 338.984, 89.49, 348.884]
------------------------------------------------------------------------